2;20;0;3;3;2
3;20;0;3;1;1;3
2;40;0;3;3;2
4;49;0;3;2;3;2;3
2;34;1;3;1;2
2;35;1;3;1;2
2;30;1;3;1;2
2;39;1;3;1;2
2;59;0;3;1;2
2;52;0;3;1;2
2;78;0;3;1;2
2;49;1;3;1;2
2;49;1;3;1;2
2;36;1;3;1;2
2;37;1;3;1;2
2;52;1;3;1;2
2;46;1;3;1;2
2;59;1;3;1;2
2;75;1;3;1;2
2;39;1;3;1;2
2;60;1;1;3;7
2;61;1;1;3;7
2;40;0;3;3;2
4;1;1;3;3;3;3;6
2;35;0;3;3;2
2;178;0;1;1;2
4;131;0;2;2;2;2;5
4;85;0;1;1;1;1;3
4;94;0;2;1;2;1;6
4;91;0;2;1;2;2;4
4;121;0;2;2;2;2;4
3;42;1;3;2;1;3
3;37;0;3;3;1;4
3;34;1;3;3;1;3
6;28;1;3;3;3;3;3;3;3
4;118;0;1;2;2;2;3
4;94;0;2;2;2;1;6
6;99;0;1;1;1;1;1;1;3
6;98;0;1;1;1;1;1;1;3
4;130;0;2;2;2;2;5
4;101;0;1;2;2;2;3
2;43;1;2;3;7
3;71;1;2;2;3;7
2;46;0;2;3;7
6;138;0;2;2;2;2;2;2;2
6;28;1;3;3;3;3;3;3;3
6;88;0;1;1;1;1;1;1;4
2;83;0;2;1;2
2;108;0;1;2;7
4;91;0;2;1;1;1;3
4;107;0;1;2;1;1;4
3;103;0;2;2;1;4
4;95;0;2;1;1;1;3
4;111;0;3;1;1;1;3
6;33;1;1;3;1;1;1;1;3
4;43;1;3;1;1;1;3
4;60;1;3;2;2;2;3
4;45;1;3;2;2;1;3
4;42;1;3;3;3;1;3
6;104;1;1;3;1;1;1;1;3
6;51;1;1;3;1;1;1;1;3
6;192;0;1;3;1;1;1;1;2
6;37;1;1;3;1;1;1;1;3
6;110;1;1;3;1;1;1;1;3
6;146;1;1;3;1;1;1;1;3
6;32;0;3;3;3;3;1;3;2
6;96;1;1;3;1;1;1;1;3
6;126;1;1;3;1;1;1;1;3
6;117;1;1;3;1;1;1;1;3
2;71;1;1;3;7
2;62;1;3;1;2
2;36;1;3;1;2
6;76;1;2;2;2;2;2;2;5
6;90;1;3;3;1;3;1;1;5
4;33;1;3;1;3;1;3
2;35;1;3;1;2
2;32;1;3;1;2
2;35;1;3;3;2
2;35;1;3;3;2
2;35;0;3;3;2
2;62;0;1;3;7
2;54;1;3;1;2
2;95;0;1;3;7
2;79;0;2;2;7
4;76;0;2;2;3;2;6
4;55;0;1;3;1;1;4
4;1463;0;1;1;1;1;5
6;241;0;1;1;1;1;1;1;7
2;78;0;2;2;2
2;99;0;2;2;2